6235
-9544
-2554
932
1974
5659
4772
8347
6505
-6752
-2612
1021
7941
-1812
-6482
6440
3566
1682
-920
5777
1472
6699
3692
-3543
-1935
8485
5489
9474
-1553
-1395
-9106
6403
1474
8878
2835
-3652
-3915
-1154
-6037
-2499
-18
8807
161
-6270
8563
3835
6617
-1343
2140
-1069
-1380
-129
-6266
5971
5824
-8811
-5746
-1204
1592
-461
-9319
-3960
-1161
-931
3906
5389
188
-9215
3710
-4171
-1687
1350
-3001
-6304
-8674
-9224
4499
902
1976
2444
-3922
8968
672
2319
8790
-5596
-5646
5011
3948
-4631
-3445
-1523
2959
-4071
-5987
-5461
7956
-9409
5727
5469
-9118
3775
-2369
-4135
5864
8304
736
-1070
-2237
8608
6480
-3445
2383
5162
-6591
-5180
-2671
8068
-2533
593
-5068
-7535
-6679
7046
-4729
-9099
-3917
6817
893
-2407
153
9915
3772
7014
-7174
9783
-4119
-7045
349
2376
-7296
-5634
-5548
6232
-4199
2391
-81
4585
-4823
-4757
8512
6611
8573
-1543
7382
-4556
6155
8623
7459
-3714
7970
-2293
-2397
4352
3007
-4797
5287
-6933
-1888
-3264
-469
-4972
-5804
2502
-5418
-6138
9333
5502
4272
639
4985
-7288
6345
3889
-5483
4392
-6983
5686
821
5883
4187
-9939
-9061
-5537
2952
6499
5343
-8559
4765
-8033
-4674
-3655
-9677
1220
2027
485
-6263
-7533
7166
7858
422
9219
-5031
5798
2259
-1691
5790
356
-5424
-3069
-4898
-5837
8703
4324
7017
6756
-5782
-9062
6815
-1715
306
-2177
-4920
106
4663
9132
9039
-1227
-1591
6983
-6207
518
-7908
6156
5408
3167
-1227
-1765
-1324
9358
9445
3242
-8597
4724
9385
7587
-7001
1012
-448
8077
1823
-9705
495
-4988
4424
2161
-2015
-6099
-2526
5173
-7509
5237
-3441
-6039
564
-1294
-2848
-7269
-9842
5332
8334
-7052
-2137
-4567
8324
-1696
1033
9399
-1583
3924
-8724
679
9381
5210
7470
-1340
4084
2096
-3133
8955
3009
-7770
1778
-154
8933
8581
-3663
9223
8107
7648
9327
-8256
2638
-2144
2045
4995
-5437
-6653
-3345
-3716
6316
2826
-4329
-8221
-9815
-2109
-8733
-6848
6720
5799
2111
3614
1377
6327
729
-7282
-210
6852
2610
8057
3357
-5753
-881
581
-9563
844
-621
3884
4482
8615
4670
-6572
-3942
9116
3093
5548
-9570
-932
-6820
3401
4620
229
-7582
-9572
6740
1641
-6011
9944
3066
-5927
-975
5369
-2041
8271
6391
9700
4720
3329
3020
3209
4819
9636
4985
-325
2709
9746
-4516
-4293
8177
-5349
-6990
2496
9659
6201
-894
907
-9100
5675
2610
-2690
-8440
-6966
-2048
-8851
-5284
1401
-7624
-1281
4128
-8913
6845
4357
7093
9136
1714
-5402
6095
4959
585
-4047
38
5415
-3159
1144
5540
3454
7448
-9869
222
-5885
-5697
2184
7014
4487
6237
3157
-4956
-6582
-690
4668
5203
-8644
9951
9425
-281
5811
5383
3487
8890
-8227
1309
-7806
5210
-2262
4642
7438
2974
-7143
-9212
7814
-183
-7713
-7540
339
-6357
-3044
3345
-1488
3850
-2431
5422
-6641
-7461
-286
-1908
5730
8323
986
6406
-2947
-9386
1924
-4176
-4097
6002
4912
-4290
-1118
-6034
-3224
7817
-6301
-7476
4067
-1513
8700
-7345
4460
-7938
-7261
-8992
9345
-6486
2574
-2891
599
-5891
-460
-1178
6143
2330
-9297
-4104
-6088
-7290
50
-9127
1347
-8963
-9072
-593
-5265
9747
-7400
-1696
-3342
-6139
-9972
5612
3862
5397
-2902
-6038
7550
-929
3969
3948
8215
1200
811
469
3051
-7793
3987
-4478
7515
3628
-2091
142
9677
5631
-8634
-4284
8777
4545
405
977
-6028
2171
1287
1963
-155
1509
1169
380
9550
3270
255
-5848
376
-8567
-5842
3200
-9530
-7891
-439
2382
-4706
1464
1831
-4332
-2859
8604
3575
8502
-9564
8682
1344
-1267
-3098
-3338
5245
-1151
1811
-7195
5906
8641
5815
-2166
1330