2927
4590
-1872
7490
6640
-910
-5601
-533
-7695
-5840
7578
-880
-5188
-7157
-9464
-747
6244
-4090
5786
772
-9490
-6538
-72
-6344
-9217
238
-2913
9840
7867
-8783
-876
-5834
94
-4291
-6681
-3369
-2056
4862
5817
-5032
5390
6773
9539
7764
-6034
1379
-9368
-54
9395
6090
-2104
-6736
5892
-1310
-5699
477
-4182
6338
-6874
-6102
-1023
-7067
-6414
-3922
-148
-7357
4157
-5867
2323
-9334
9542
-9245
-9121
5063
-9375
-1285
459
7161
3079
323
8565
2877
-2164
-1673
105
-6583
-1336
-3842
8229
-5588
-2248
4406
-6929
5829
1542
1762
6130
3307
6664
4648
-2705
-8351
8180
-6027
-3647
4528
-9333
-5127
-7096
-4158
1752
-5380
1684
-3145
4918
-7782
7932
-6048
2561
-6072
-6740
-8716
2007
-5074
8735
-177
4395
-8056
-8811
8947
-5387
7130
4649
-5589
7746
-168
-6415
-762
-7964
-4609
-6116
3973
-6907
8124
-4425
-8832
2250
4505
7552
-6205
-1729
8317
-782
7713
2569
-2057
-6512
-448
5724
618
1217
-6736
7488
-3401
2878
737
7470
7953
-224
4211
-7454
3896
4216
-948
7746
8147
4077
-1942
-7972
5614
-426
8186
8747
-4655
6861
-1976
-1945
3772
-9878
7094
-6383
441
-2862
-702
-1359
-4484
2902
830
-5087
-9583
9248
9110
113
-1187
-4233
-2497
3593
3939
-7683
-3565
4426
-5505
-5705
8239
5177
-8228
1956
-5300
-6381
-3886
9826
1917
8101
-512
957
4625
7304
2056
-7070
-421
2867
-8223
-7580
-7675
1553
-6908
8430
8014
9884
5012
-9427
4496
-7093
3390
2376
-9725
2998
-5873
7942
8186
7086
-8380
-1353
246
867
1527
-9128
-2010
9133
-3075
4380
6823
-6992
3123
8177
5558
-5471
-5508
3569
-6451
-3090
-3028
-5609
-2012
1885
-8434
8296
9509
2370
9281
4488
3172
-6133
7075
2796
1860
5868
9399
-4341
-3989
-58
-4309
703
-4853
-6187
-7909
4603
-7831
-8747
8204
2740
1073
-3278
233
-9406
-203
-1534
2359
-6038
834
4932
-1065
1323
-8502
-3333
9189
-4473
6897
7930
8482
5905
410
631
-2635
2082
-5999
507
-9135
-1643
-9469
9081
-8816
3010
3128
-2486
-782
-6242
2719
8843
5484
335
3803
9982
-3953
9177
9049
556
507
-9598
-4129
8509
-553
9277
-7737
2242
-1177
-5275
1003
2805
4106
-3000
-6831
8699
-5159
6027
-8215
-2510
-1216
-6998
-3179
4625
-6498
-8987
1661
4170
-6287
-2086
-8622
409
-815
8834
7441
1961
9909
-5884
-5426
9822
-5028
-5316
2800
6698
973
-4704
1278
-7851
-215
-5765
2797
8772
1245
5665
-9935
-6842
-1522
3501
-3788
-4075
9427
6269
6712
9431
-9803
-7792
6124
4766
5752
-4
9295
3622
-5944
-8534
-3962
-9769
-87
-5780
6210
8296
-9181
5144
5064
7040
-7598
7410
2284
9653
9003
4562
-197
6944
-4546
4586
9527
-4300
7258
-3210
3682
6510
1822
7949
-994
-3612
-1366
4668
-3235
9978
-2252
5514
-5537
5297
1410
-2606
-9952
7159
4457
-4143
-328
7672
-8510
-7846
-1901
-1116
8928
559
524
-871
-5999
-5150
8737
-3952
1909
-6840
6205
-6638
1408
6269
-2152
-9544
2527
-5458
6758
4636
6448
-7782
-9163
2349
102
7848
6647
9510
8307
-9310
-324
4414
-6243
865
8370
-4096
4244
8970
3464
749
-2104
7736
-3532
-3625
-8732
-5446
-9526
1087
913
4658
7831
-5246
4763
9707
-5827
7727
-8621
-4183
8560
-5178
-654
-9350
-5696
2088
8900
-1224
-4999
-3871
-6214
1892
4234
3132
-2080
9657
-2480
-6184
-4140
-8653
-3030
-8731
-1010
511
8156
1623
-6944
5850
1599
-4539
-8169
2521
6663
1192
-4749
-8736
-4284
-2666
3204
2796
7152
1243
-2724
-6749
-5859
-8791
2988
-534
8133
6119
-9050
5409
9647
1147
-9838
-5498
-1741
6010
-5607
497
3343
8354
6853
6625
-3060
-8880
-5417
-4426
8631
-5453
-1621