3
-2143
-4254
-6326
-18007
-27313
-30930
-34173
-37202
-39875
-41790
-43380
-38022
-27426
-10341
6776
19941
33109
46272
59435
72643
85167
97779
110420
123459
140446
157753
175098
192463
209826
227194
244463
261732
279001
296270
313539
330808
348077
365346
382615
399884
417153
434422
451691
468960
486229
503498
520767
538036
555305
572574
589843
607112
624381
641650
658919
676188
693457
710726
727995
745264
762533
779802
797071
814340
831609
848878
866147
883416
900685
917954
935223
952492
969761
987030
1004293
1025854
1047345
1068758
1109389
1145270
1169773
1193528
1216855
1239470
1260569
1281018
1287571
1283648
1266747
1249782
1240721
1231654
1222597
1213540
1204393
1196614
1188659
1180646
1171837
1155132
1137787
1120366
1102905
1085448
1067981
1050712
1033443
1016174
998905
981636
964367
947098
929829
912560
895291
878022
860753
843484
826215
808946
791677
774408
757139
739870
722601
705332
688063
670794
653525
636256
618987
601718
584449
567180
549911
532642
515373
498104
480835
463566
446297
429028
411759
394490
377221
359952
342683
325414
308145
290876
273607
256338
239069
221800
204531
187262
169993
152724
135455
118186
100917
83648
66379
49110
31841
14572
-2697
-19966
-37235
-54504
-71773
-89042
-106311
-123580
-140849
-158118
-175387
-192656
-209925
-227194
-244463
-261732
-279001
-296270
-313539
-330808
-348077
-365346
-382615
-399884
-417153
-434422
-451691
-468960
-486229
-503498
-520767
-538036
-555305
-572574
-589843
-607112
-624381
-641650
-658919
-676188
-693457
-710726
-727995
-745264
-762533
-779802
-797071
-814340
-831609
-848878
-866147
-883416
-900685
-917954
-935223
-952492
-969761
-987030
-1004293
-1025854
-1047345
-1068758
-1109389
-1145270
-1169773
-1193528
-1216855
-1239470
-1260569
-1281018
-1287571
-1283648
-1266747
-1249782
-1240721
-1231654
-1222597
-1213540
-1204393
-1196614
-1188659
-1180646
-1171837
-1155132
-1137787
-1120366
-1102905
-1085448
-1067981
-1050712
-1033443
-1016174
-998905
-981636
-964367
-947098
-929829
-912560
-895291
-878022
-860753
-843484
-826215
-808946
-791677
-774408
-757139
-739870
-722601
-705332
-688063
-670794
-653525
-636256
-618987
-601718
-584449
-567180
-549911
-532642
-515373
-498104
-480835
-463566
-446297
-429028
-411759
-394490
-377221
-359952
-342683
-325414
-308145
-290876
-273607
-256338
-239069
-221800
-204531
-187262
-169993
-152724
-135455
-118186
-100917
-83648
-66379
-49110
-31841
-14572
2697
19966
37235
54504
71773
89042
106311
123580
140849
158118
175387
192656
209925
227194
244463
261732
279001
296270
313539
330808
348077
365346
382615
399884
417153
434422
451691
468960
486229
503498
520767
538036
555305
572574
589843
607112
624381
641650
658919
676188
693457
710726
727995
745264
762533
779802
797071
814340
831609
848878
866147
883416
900685
917954
935223
952492
969761
987030
1004293
1025854
1047345
1068758
1109389
1145270
1169773
1193528
1216855
1239470
1260569
1281018
1287571
1283648
1266747
1249782
1240721
1231654
1222597
1213540
1204393
1196614
1188659
1180646
1171837
1155132
1137787
1120366
1102905
1085448
1067981
1050712
1033443
1016174
998905
981636
964367
947098
929829
912560
895291
878022
860753
843484
826215
808946
791677
774408
757139
739870
722601
705332
688063
670794
653525
636256
618987
601718
584449
567180
549911
532642
515373
498104
480835
463566
446297
429028
411759
394490
377221
359952
342683
325414
308145
290876
273607
256338
239069
221800
204531
187262
169993
152724
135455
118186
100917
83648
66379
49110
31841
14572
-2697
-19966
-37235
-54504
-71773
-89042
-106311
-123580
-140849
-158118
-175387
-192656
-209925
-227194
-244463
-261732
-279001
-296270
-313539
-330808
-348077
-365346
-382615
-399884
-417153
-434422
-451691
-468960
-486229
-503498
-520767
-538036
-555305
-572574
-589843
-607112
-624381
-641650
-658919
-676188
-693457
-710726
-727995
-745264
-762533
-779802
-797071
-814340
-831609
-848878
-866147
-883416
-900685
-917954
-935223
-952492
-969761
-987030
-1004293
-1025854
-1047345
-1068758
-1109389
-1145270
-1169773
-1193528
-1216855
-1239470
-1260569
-1281018
-1287571
-1283648
-1266747
-1249782
-1240721
-1231654
-1222597
-1213540
-1204393
-1196614
-1188659
-1180646
-1171837
-1155132
-1137787
-1120366
-1102905
-1085448
-1067981
-1050712
-1033443
-1016174
-998905
-981636
-964367
-947098
-929829
-912560
-895291
-878022
-860753
-843484
-826215
-808946
-791677
-774408
-757139
-739870
-722601
-705332
-688063
-670794
-653525
-636256
-618987
-601718
-584449
-567180
-549911
-532642
-515373
-498104
-480835
-463566
-446297
-429028
-411759
-394490
-377221
-359952
-342683
-325414
-308145
