21978375
-47041615
11725431
8682971
-55418239
122155284
42110848
-49661966
-24894435
-81598317
-14514383
-33299821
49138318
72596426
5273398
-77545800
-103638291
142339297
187062747
47640401
47347394
66124247
13627725
-149924284
12217755
67774047
-2057475
99455130
-10703694
-23656654
-7787714
43984561
85654470
168295278
143204154
-79357706
-61689283
-36507778
34886871
260177376
125509781
26940221
-85111316
-61258648
984964
12615191
136064053
105175775
-130993403
-144187869
-88002239
26588920
-48046224
89953183
99231720
-18338469
88864492
-61404394
52743992
203878490
49612146
-67656583
-84511162
-7742803
58271579
26081071
-34577937
-49667116
-32934834
-193808406
-25230861
153843691
-105359222
-88262246
-85854702
-92143682
112224099
120519249
116070815
5235072
-175285385
-97387448
-22525226
-7493606
27529007
-166434712
-123613844
-92656482
-123747358
59240617
174886539
-17736902
-58025633
119564778
58107664
44963800
81872247
-30790559
89461965
-26330263
-189432885
155946660
-55606238
-184390335
128470240
-22416929
-58538665
-35718885
-107872451
-98842245
112646196
64554882
12039769
-33830296
-159766494
66286200
54642018
9285636
165678599
139014818
-75911925
-116160901
93333921
147715522
46931994
26049587
-13219348
-114836561
-82727475
94965823
15296106
-41163482
-64416804
-24676960
-156921479
-100697766
-66284503
-23374509
38485078
-122997504
28084677
193940425
-30393621
8774503
116044905
212469685
5049277
-53439353
-51803746
-44701105
-17100389
-96776865
42085385
2477859
-211946016
-122665698
4910327
154155305
-11080311
48734785
20678402
-144364291
-3450813
172338636
123529534
96999366
161257251
-111712145
12696459
145736909
74467103
119405572
76082525
-27799793
-36804798
30841356
90681923
-57057633
61661771
-25389918
-143744346
-168147022
8118409
1987614
-115171518
76145898
-133588978
-57584580
121416209
24112468
195850501
-6987768
-10257888
-58297438
15949039
167326501
95969369
-12222986
-143484828
-110445322
-3070200
181575463
26812461
24236452
-30838541
-190537298
-46727223
-2962935
85841763
46009584
53076795
-27367534
-225002359
-131868145
-79779148
-96966628
59791588
606809
-31745388
-22485088
-83041088
37184907
248918220
168429112
13135466
77406433
-149356748
-68090715
101446272
-57946699
96769670
59348569
-236256873
-78180362
70842176
89625183
199085667
78365480
-65871315
-110457023
-139243690
38330369
93388578
-33292533
6884139
-7698759
39519571
27557282
85762101
150354888
81696316
13098875
-86068657
-39156401
-132686856
27360332
138772525
54659825
-49364873
-1245923
88198014
21155086
97482201
61646444
51908311
117115032
-39260546
100162404
44970541
-7120377
-74424216
117192758
49058362
-105223179
53770812
-175407674
-15680408
106607734
-35545083
5000661
-46538813
-14227206
39409406
-76782056
-118418685
36201114
30207230
-45289550
-138921703
-17830390
-132832041
-133678339
98784853
70423243
146763428
-129878660
-130835622
11477261
44923389
182395616
-5005181
28678065
40013290
-126274546
38886834
211939944
129113614
65537073
-35427663
-38784293
109867427
-26206058
-18155190
-2858836
-6466987
86927350
49825653
114639749
78468397
52213468
153973295
193456120
140209250
-21951975
-98781394
-112493978
30025920
138461289
72233576
-80376530
-85203994
-66288879
-106565445
-15612924
51996517
-83935735
-152270968
-144526147
-98164286
67378622
-17925462
-97725955
124041699
78172212
-10039286
187521751
47453804
-35887777
63458145
-31550467
-2623531
69049819
43108206
-7609903
-42493169
66161141
-70706946
-125839208
-107140574
63153745
215165545
111816905
95672023
-40931230
-74508249
-9381757
90920054
258551105
-152431029
-138313443
-19251343
-123867688
-16407064
204684224
20090923
-185267421
-52845493
-52072702
-4841381
64324199
24712918
92636243
11150503
-45166997
4800535
77209918
48670753
205157901
174664464
-41186145
124420924
146534794
-29987151
151358035
187997033
13432421
-136390322
57043093
95121037
19634796
51847637
-135047779
-56287127
6391194
94846950
179325819
32526209
89688427
-61925075
-152084835
73896353
22691960
-97031558
-44552251
-206653410
-206562685
-50894686
-84472456
-38843012
84822763
-55286595
-81766958
90799736
100921715
116371684
89365324
143111247
-17657045
-49552538
-44337814
26676344
178307101
-4288565
-11043992
63268705
-21034981
-84178064
5560059
112034048
8163055
76636014
-83920422
-76576170
-76552196
-36609086
248745380
47386554
-50153138
110527808
-115427242
-101480581
-44219440
70289027
128851175
101879823
95569050
34505638
104285323
1440229
23680709
105090641
70185569
89845714
-236562235
-85338210
118761987
120835312
9212690
96536602
19953788
-144619795
-108716097
-66110312
50522152
-102576392
-40574558
12159535
-90556549
1318803
-90376363
-43823853
67027903
-1134304
21674829
83606993
-119728553
-110689299
102187824
-4045170
26640359
227817594
-22218735
-50062108
-15564529
-231541695
70426103
76974289
-39826816
-9396129
-59855018
-26064912
-37129881
10552649
82835429
-1169913
-182536258
-65389423
125755327
1872200
55027289
-43474256
-145732751
-139663503
-122123652
-53894587
214535742
-28750422
-5190418
-36405667
-94233471
26592148
-23163015
126000698
8921174
-129154451
-158605449
-255079932
-690102
-10714931
-36998253
-43690709
-65010011
-192237677
-144748785
38491822
73385494
91521962
-144653734
-132141192
-79110243
-75000817
-33960718
111806890
138795076
-54705272
3792406
66924829
37022172
89671675
42860238
32861444
72001343
18642148
-61465044
-75869120
151881350
-6784168
-121564359
38215505
102860268
58092385
81692308
48688163
13100018
-40200752
-3459261
5491643
99623439
43344718
-133183125
-68587877
33951079
137804887
-5363430
56932392
65667066
-70732566
122182234
155887411
3190085
-115915406
-28227560
-87011358
-140733713
27171614
-115815400
-118150460
-130102494
-82074376
146936025
-32359548
-23408039
38086930
34847365
8332015
5511412
177054076
21102093
76989857
-79019033
