1033231
-5389895
-10079140
9596830
-15913921
-11101125
3088363
14234942
-3259820
21414641
23449652
-28408937
19134155
22091149
39729323
42953352
-23686004
30589787
64177334
-1266074
-43327417
21446940
-76989823
-63718839
84248710
43040238
-71269210
-43222716
-134102049
-52864969
77604325
-50374451
52723597
-29573965
-107475674
-76839357
43579749
-37694303
-111639680
-28161850
-38982564
55686006
41696363
-137122378
-50912354
-27441802
-14276276
23266930
-58897538
-60442476
-27736112
41816548
97147504
-104776062
42342161
32320242
73957632
124386067
-44229227
13148950
-77977464
6704760
127898123
76943839
-22246980
-71780635
65407469
-21907007
-40674432
3246828
-7753003
4278099
-37519741
-51394515
-45762929
-21391174
-112398436
2829185
-60024150
-47719218
-9896233
-111311820
20825319
-122400740
84902779
-112208258
-36082737
23532009
-64282880
-66229211
57158528
16857543
2436862
16173476
11868423
37749878
-43334230
12219628
-8503611
-65515968
9554876
-57930410
123755323
-72459312
-11223197
44429166
-58863643
71944230
47645806
5571017
45839325
35725762
38044928
52132350
-7467461
-105242787
103112922
-81571010
-2065696
42191681
-67912861
-52550439
-42301448
-48395156
13195705
-46772173
-24011282
-35024633
23999812
-78510360
5263061
-35779904
1301319
-64806405
-25272455
-116464190
22503592
-96820012
115969623
-23725090
61626726
-87870542
-104164306
93315016
-41595506
38755750
86648959
-110597447
42223127
-31363702
-46650792
14381310
-59750763
-54450382
-74072137
28070469
-54054652
99003535
-74863118
-109784035
8360651
59462173
75470136
-50888323
-28348945
34465065
-15068677
66801614
32917980
-10873572
-90967074
43811968
26796184
50317080
2394405
-56642495
66045658
-31925651
43219665
654908
82090531
70704895
-3522619
23503080
-3344565
14231512
64247778
-13542141
81612915
120640148
10540812
41601700
-86099993
82451231
12771177
84611425
124228165
-71272003
63705300
-13596345
425167
43954689
-85531479
58060253
-32916433
9667569
-13889293
-20267321
-76909187
28449484
27143841
29771508
-66231104
-92347818
49633688
71078046
39851109
-47047477
-41164281
-20281822
40556527
5663935
-35048361
-29412064
12984761
-59121294
-68787550
61327091
14456754
-36384251
30280640
-41880421
-56890519
-20362584
111116789
15916943
113184823
-79212934
-23273873
23169735
70670383
18374088
-64175131
30931729
5256590
-59310082
-4587327
-50871991
37151115
-115970116
70725588
21145091
124980843
19740528
-107228608
27246518
-51070604
70439479
69261447
-68294462
-6548811
-65481725
17363522
127320213
66211708
-128434709
-15528305
20762040
50529736
10069609
-25200027
-54429820
95035442
-12239552
57005369
49414174
-70442826
150981
66658443
49877975
-56899744
-63734729
13226225
-10972152
-60883754
6377100
-38698447
-20054120
16079265
-84828888
102802565
49301723
22134977
75584781
73155846
22812164
-1069347
44207158
51616600
52531856
27375056
106448365
-66529079
-8047068
-30361798
22879167
11077065
-33531076
-56551664
-37540113
39748810
-112328796
-74292195
35735475
40512222
-22006098
-30271005
-20611225
-117668588
2663422
-36726516
31282656
-82995226
-13063199
39894366
-16254356
31032580
-69693934
-4333129
107683036
-23695550
19445796
98825443
49819562
17757546
33305366
-26794687
29952859
-14124171
-8540248
-9179611
-54471183
-13713688
-127382432
116784439
-130302168
21187172
29574117
3857619
-23829340
-17504736
-17866657
100696077
27410930
46111378
21854274
83051960
-54212708
72510617
128965463
13406338
41169121
-63190420
-63327816
126895364
-26888027
117387330
-41281032
20023051
-12245850
-53550523
20094527
66384092
46643374
-32683081
-101511167
87941802
-60307937
59532015
-50985516
-25794876
-65532129
-58549822
-46762925
49303689
-77188773
-96527871
-25562169
46678088
-35590369
-10915401
-107044444
14076268
-25811570
52906496
88278605
9349389
57048065
-61732684
-60462080
132951973
-68065015
-14705964
45597855
54756081
-27379552
-15413745
31750920
-75011844
5555693
-77122850
-9821071
102595337
46300348
-12451527
-93817682
-70440997
13176598
40941365
-5990213
-31743201
44481096
61272057
72190953
104150747
-78411956
-73589118
64376404
70442163
35418438
10572161
13549686
59983364
-79161162
-47127605
-4227003
-114266297
30459344
-43067266
71184817
49974107
-106652813
-9619216
112250799
43409737
-30361825
57080605
21522921
86331543
54571486
100259402
-20600029
119499558
-81070473
100497072
109163687
5205634
57423988
22521733
-208155
72406618
49098507
93750909
34608514
-61188368
37804132
33554816
-18831385
134218731
-11199093
32915836
-37867123
47835923
9464162
3615860
-82553745
90687130
13388905
-44454993
-13272926
102497230
-72229433
-78914570
-8359221
-14076226
45770973
43412306
-11553697
-1851849
-77618924
-69770549
78509145
-29597260
53137532
-58810025
15478732
-66328684
-17245229
55912801
1494108
-112230992
55308675
-109626178
70864438
54091107
77103494
-90272118
-36561019
-2093969
-13916551
55921940
97529407
58333168
53311755
-56682494
-24482049
102481602
-13637953
54958370
97556370
-57957708
48159561
43717931
42952725
-11906648
-32103901
65933158
-20567123
15583265
-50203079
-46733881
-83310644
22910638
33722037
51086819
58473478
-113717348
8918266
135963608
-65764299
94216307
-90839558
-68035891
81453136
5076347
-45385736
-56201569
-86533861
12545348
114157835
-6707713
-6315877
-82198889
-33373400
-24882185
41283306
37635907
-70735249
72017081
-50749261
-38140821
-37538264
-59856228
-30289660
-59949040
4438476
5042902
53142027
-49257456
-73810105
37100130
33248390
-64654558
-67684229
26260160
58546776
13169299
-45724208
-77811502
-64593478
-7687452
-2662780
8514352
42565905
16164168
-36125518
-39549496
-45908617
-93122205
46619018
17529503
66850477
-3545579
-133466089
16401131
145969219
323725
-52649745
-62084586
15749639
